INFO: 2024-06-14 12:44:45,303: Data
INFO: 2024-06-14 12:44:45,304: Data shape (110527, 14)
INFO: 2024-06-14 12:44:45,321: Percentage of women: 0.653882342398853
INFO: 2024-06-14 12:44:45,336: Percentage of men: 0.346117657601147
ERROR: 2024-06-14 12:45:34,584: Data shape is incorrect!
